#	TAVR Volume	MEAN		St dev 		 	Min		Max
1	118		11.8		12.59453		0		39
2	2		1		1.414214		0		2
3	93		9.3		10.91431		0		27
4	4		0.4		0.6992059		0		2
5	157		15.7		18.18455		0		47
6	536		53.6		44.54511		0		138
7	197		19.7		14.68219		0		40
8	405		40.5		47.8313			0		136
9	240		24		27.04318		0		79
10	3		0.3333333	0.5			0		1
11	35		3.5		3.807887		0		11
12	27		2.7		3.683296		0		12
13	2		0.2222222	0.6666667		0		2
14	11		1.1		1.911951		0		6
15	39		3.9		7.978443		0		25
16	1		0.1		0.3162278		0		1
17	121		12.1		11.23932		0		29
18	71		7.1		8.999383		0		21
19	79		7.9		6.674162		0		17
20	238		23.8		24.26612		0		62
21	47		4.7		8.667308		0		27
22	5		0.625		0.9161254		0		2
23	2		0.2		0.421637		0		1
24	138		13.8		11.60268		0		37
25	1		0.1		0.3162278		0		1
26	139		13.9		14.57128		0		43
27	185		18.5		18.7809			0		55
28	1		0.125		0.3535534		0		1
29	356		35.6		44.23975		0		138
30	93		9.3		7.703535		0		24
31	210		21		29.41277		0		75
32	179		17.9		19.1105			0		45
33	2		0.2		0.421637		0		1
34	58		5.8		10.45413		0		31
35	23		2.3		4.643993		0		14
36	22		2.2		2.936362		0		8
37	437		43.7		60.04822		0		142
38	444		44.4		58.73897		0		139
39	113		11.3		12.89315		0		32
40	36		3.6		5.015531		0		15
41	142		14.2		20.39499		0		49
42	52		5.2		7.969386		0		25
43	2		0.2		0.421637		0		1
44	29		2.9		3.573047		0		11
45	1		0.1		0.3162278		0		1
46	3		0.3333333	0.5			0		1
47	7		0.7		1.567021		0		5
48	132		22		12.83745		1		39
49	194		19.4		16.00139		0		52
50	79		7.9		7.324995		0		22
51	58		5.8		8.879439		0		22
52	24		2.4		3.864367		0		11
53	54		5.4		9.371351		0		28
54	1		0.1		0.3162278		0		1
55	12		1.2		2.898275		0		9
56	183		18.3		27.42282		0		59
57	1		0.2		0.4472136		0		1
58	1		0.1		0.3162278		0		1
59	10		1.111111	1.691482		0		4
60	1		0.1		0.3162278		0		1
61	10		1		1.414214		0		3
62	3		0.3		0.6749486		0		2
63	29		2.9		5.15213			0		16
64	4		0.4		1.264911		0		4
65	2		0.2		0.421637		0		1
66	7		0.7		1.636392		0		5
67	242		24.2		29.41202		0		79
68	1		0.1		0.3162278		0		1
69	4		0.5		1.069045		0		3
70	5		0.5		0.8498366		0		2
