#	Total TAVR Volume	mean 		st dev 		min	max
1	118			16.85714	11.76759	6	39
2	2			2		.		2	2
3	93			15.5		9.954898	1	27
4	4			1.333333	0.5773503	1	2
5	157			19.625		18.36096	1	47
6	536			67		39.05308	14	138
7	197			24.625		11.77088	5	40
8	405			45		48.43552	1	136
9	240			26.66667	27.25344	1	79
10	3			1		0		1	1
11	35			4.375		3.777282	1	11
12	27			4.5		3.834058	1	12
13	2			2		.		2	2
14	11			2.75		2.217356	1	6
15	39			13		10.44031	6	25
16	1			1		.		1	1
17	121			13.44444	11.0353		1	29
18	71			11.83333	8.863784	1	21
19	79			9.875		5.91457		2	17
20	238			29.75		23.55389	8	62
21	47			11.75		10.71992	2	27
22	5			1.666667	0.5773503	1	2
23	2			1		0		1	1
24	138			17.25		10.25044	4	37
25	1			1		.		1	1
26	139			17.375		14.28223	2	43
27	185			26.42857	16.87066	1	55
28	1			1		.		1	1
29	356			39.55556	45.00864	1	138
30	93			11.625		6.738747	5	24
31	210			30		31.34751	2	75
32	179			25.57143	17.85924	1	45
33	2			1		0		1	1
34	58			11.6		12.72006	1	31
35	23			5.75		6.184658	1	14
36	22			4.4		2.701851	1	8
37	437			54.625		62.8807		2	142
38	444			63.42857	61.37822	1	139
39	113			14.125		12.9663		1	32
40	36			5.142857	5.336309	1	15
41	142			23.66667	21.90586	1	49
42	52			7.428571	8.715066	1	25
43	2			1		0		1	1
44	29			4.833333	3.430258	2	11
45	1			1		.		1	1
46	3			1		0		1	1
47	7			2.333333	2.309401	1	5
48	132			22		12.83745	1	39
49	194			24.25		13.95657	11	52
50	79			11.28571	5.992058	4	22
51	58			9.666667	9.852242	1	22
52	24			4		4.38178		1	11
53	54			10.8		11.16692	1	28
54	1			1		.		1	1
55	12			6		4.242641	3	9
56	183			22.875		29.10787	1	59
57	1			1		.		1	1
58	1			1		.		1	1
59	10			2.5		1.732051	1	4
60	1			1		.		1	1
61	10			2.5		1		1	3
62	3			1.5		0.7071068	1	2
63	29			5.8		6.220932	1	16
64	4			4		.		4	4
65	2			1		0		1	1
66	7			3.5		2.12132		2	5
67	242			34.57143	29.65275	1	79
68	1			1		.		1	1
69	4			2		1.414214	1	3
70	5			1.666667	0.5773503	1	2
